4	1	4,558,879
4	2	4
4	3	4
8	4	8
8	5	8
8	6	8
8	7	8
8	8	8
8	9	8
8	10	8
11	11	11,48,241,603,955,1038,2299
11	12	11
11	13	11,48,603,820,955,1038,1507
11	14	11,48,241,699,955,1038,1174,2299
11	15	11,105,323,671,1175
18	16	18
18	17	18,528
18	18	18,528
18	19	18
26	20	26
26	21	26,338,1196,1197,1297
27	22	27
27	23	27
27	24	27,1021
31	25	31,1312,1352,1368
31	26	31
31	27	31,2080
31	28	31
32	29	32,551
32	30	32
32	31	32,2747
32	32	32,2747
34	33	34,239
35	34	35,56,1197
35	35	35
35	36	35
35	37	35
35	38	35
35	39	35
35	40	35,1197
35	41	35
35	42	35
35	43	35
35	44	35,1197
43	45	43
47	46	47,173,283,383,694,902,2205
47	47	47,694,1013,1575
48	48	48,241,603,699,955,2314
48	49	48,311,1998
48	50	48
48	51	48,241,2395
52	52	52
52	53	52,1381
52	54	52
53	55	53,368,555
53	56	53
53	57	53
53	58	53
53	59	53
53	60	53
53	61	53
53	62	53,368,815,3116
56	63	56,1197
58	64	58,839,904
58	65	58,716
58	66	58,716
58	67	58,716
71	68	71,158
71	69	71,158
71	70	71,1108
71	71	71
71	72	71
71	73	71
71	74	71
76	75	76,2351
76	76	76,683,1176,1486,1488,2097,2929,3550
76	77	76,1486
76	78	76
76	79	76,825
76	80	76,3564
76	81	76,2253
76	82	76
77	83	77,385,576,946,1546
77	84	77
77	85	77,223
78	86	78
86	87	86,499,694,817,1013,1032,1800,3523
86	88	86,499,1013,1444,1445,1575
86	89	86,499,1013
92	90	92,289
92	91	92,772,986,1005,2073
92	92	92
92	93	92
96	94	96,1189
96	95	96,1189
96	96	96,1290
102	97	102
102	98	102
102	99	102
102	100	102,1031
102	101	102,2966
104	102	104,440,1185
104	103	104,440,1185
104	104	104,406,440,1185,1359
105	105	105,671,1057
105	106	105,618,829,1008,1057
105	107	105,618,671,1057
105	108	105,1077
105	109	105,184,324,443,671,796,829,1008,1057,1525
106	110	106
106	111	106
106	112	106,2035
108	113	108
108	114	108
108	115	108
108	116	108
110	117	110
110	118	110,1297
112	119	112,642
112	120	112
115	121	115
115	122	115
115	123	115
116	124	116
116	125	116
116	126	116
116	127	116
119	128	119
119	129	119
119	130	119
120	131	120
120	132	120
120	133	120
120	134	120
126	135	126,271
126	136	126,3139
126	137	126
126	138	126,1262
126	139	126
128	140	128,534,769,995,1231
128	141	128,603,973
128	142	128,534,925,1231
129	143	129
129	144	129
129	145	129,160,422,772,989,3595
129	146	129
130	147	130,895,3046
130	148	130
130	149	130,1277,3661
139	150	139,283,670,3595
139	151	139
145	152	145,196
145	153	145
145	154	145,1073
148	155	148
148	156	148
151	157	151
151	158	151,3348
151	159	151
151	160	151
151	161	151
154	162	154
154	163	154
154	164	154,388,2419,2420
154	165	154,969,1315,2961
158	166	158
158	167	158
158	168	158,3116
158	169	158
158	170	158
160	171	160,736,986
160	172	160
160	173	160
161	174	161
161	175	161
162	176	162,203
162	177	162
163	178	163,353
164	179	164,631
164	180	164,3561
164	181	164,3561
164	182	164,2472
173	183	173
173	184	173
175	185	175,893
175	186	175,893,1081
175	187	175,1005
175	188	175
179	189	179,250,842
179	190	179
179	191	179
179	192	179,250,842
179	193	179
179	194	179
184	195	184,829,1008
184	196	184
184	197	184
184	198	184
184	199	184
184	200	184
184	201	184
184	202	184,796,829,872,1008,1057
184	203	184,796
187	204	187
187	205	187
187	206	187
187	207	187,2190,2577,3225
190	208	190,968,1000
190	209	190,968,1060
190	210	190,968,1000
190	211	190
193	212	193,683
193	213	193
194	214	194,383,902
196	215	196,1507,3396
196	216	196,691,994,1049,1905,3396
196	217	196,331,1117,1507,2097
202	218	202,673,1067,1230,3517
202	219	202,2413,2414
202	220	202,713
203	221	203,283,289,571,891,2073,3595
203	222	203
203	223	203
204	224	204,226
204	225	204
204	226	204
204	227	204,1038
206	228	206,2984,2991
206	229	206
206	230	206,1986
212	231	212
212	232	212,2896
212	233	212,805,2023,2701,2713,2896
212	234	212,2896
214	235	214
214	236	214
218	237	218,1402,3636,3641
218	238	218
218	239	218,1181,1402
219	240	219
221	241	221
221	242	221
221	243	221
223	244	223,285,576,1117,1366,1546,2097
223	245	223
226	246	226
230	247	230
237	248	237,243,1480,2734
237	249	237,243
238	250	238,1683
238	251	238
238	252	238
238	253	238
238	254	238
239	255	239
239	256	239
239	257	239
243	258	243,443,2734
243	259	243,443
243	260	243,2430
245	261	245
245	262	245,3114
245	263	245,3114
245	264	245,1217
245	265	245
245	266	245
245	267	245
245	268	245
250	269	250,1406
250	270	250,3708
251	271	251
255	272	255,816,1357,1626,2986
255	273	255
255	274	255
257	275	257,870
257	276	257
266	277	266,2291
274	278	274,746
274	279	274,746,1667,1895,2199,3797
274	280	274,542,746
285	281	285
285	282	285
285	283	285,632,1504
285	284	285
285	285	285
285	286	285
285	287	285,2054
285	288	285,1019
285	289	285
285	290	285
285	291	285
285	292	285,3156
285	293	285
285	294	285
285	295	285,1357,2030,3160
285	296	285,1117
289	297	289
302	298	302
302	299	302
302	300	302
303	301	303,307,598,2859
303	302	303
303	303	303
303	304	303
303	305	303
303	306	303,418
303	307	303
307	308	307,973
307	309	307,598
307	310	307
307	311	307,632,973
309	312	309,974,1116,2250,2381
309	313	309
309	314	309,1067
309	315	309,380,1517
309	316	309,1881,2304
309	317	309
309	318	309,325
309	319	309,325,706,1643,1645,2196
309	320	309
309	321	309,632,978,1906,2058,3243
309	322	309
309	323	309,988,1291,1508,1729,2232
309	324	309,2622
311	325	311
311	326	311
311	327	311
312	328	312
314	329	314
314	330	314
314	331	314
314	332	314
314	333	314
316	334	316,995
316	335	316
316	336	316
316	337	316
320	338	320
320	339	320
320	340	320
320	341	320
323	342	323
323	343	323,3508
323	344	323
323	345	323,1008
323	346	323
324	347	324
324	348	324,327,532,1040
325	349	325
325	350	325,1895
325	351	325,2962
326	352	326,632,1015,2107
326	353	326
326	354	326,885,939
326	355	326
326	356	326,632,942
326	357	326,885,939,1238
327	358	327,1040
327	359	327,1040
327	360	327
329	361	329
329	362	329
329	363	329
329	364	329
329	365	329
331	366	331
331	367	331
331	368	331
333	369	333,550
333	370	333
333	371	333,550
333	372	333,550,1924
341	373	341,691,713,3396
342	374	342,978,1048,1544,2490,3359
342	375	342
342	376	342
342	377	342
345	378	345,483,1093
345	379	345
345	380	345
345	381	345,1077,2966
345	382	345,1093,2109,2904
345	383	345,483,1093
347	384	347,1428
362	385	362
362	386	362,1073
363	387	363
363	388	363,528,2447,2486
363	389	363,2447,2486
368	390	368
368	391	368,1070
368	392	368
368	393	368,1091,2698
370	394	370,2969
370	395	370,2969
371	396	371
371	397	371,1429,1433,3210
371	398	371
371	399	371,1433
371	400	371
373	401	373,599,978,1370,2077,3693
373	402	373,674,904,1880,1881,1882,2496
373	403	373,978,1370,2077,3693
373	404	373
373	405	373,594,674,904,1338,2496
373	406	373,594,1880
380	407	380
380	408	380
380	409	380
380	410	380
380	411	380
380	412	380
383	413	383
383	414	383
385	415	385
385	416	385
385	417	385
385	418	385,1365,1412
386	419	386
386	420	386,809
386	421	386
388	422	388,969,2305
388	423	388
388	424	388
388	425	388
388	426	388
388	427	388,969
388	428	388,1291
393	429	393
393	430	393
394	431	394,2554
394	432	394,2554
394	433	394
396	434	396,1182,1442,2522,3503,3508
396	435	396,1442,2526,3502,3508
396	436	396,3539
396	437	396,1182,1438,1549,3503,3539
396	438	396,1442,1549,3502,3508
400	439	400,1825,3049
401	440	401
401	441	401,2837
403	442	403
404	443	404
404	444	404
405	445	405,686,1167
405	446	405,686,1052,1167,1168,1175
406	447	406,3309
406	448	406
414	449	414,2314
414	450	414
414	451	414,699
414	452	414
418	453	418
418	454	418
418	455	418
422	456	422,989
440	457	440
440	458	440,1359
440	459	440,672
440	460	440,672,673
443	461	443
443	462	443,1314
443	463	443,1258,1314
443	464	443,2793
443	465	443,1258
473	466	473
483	467	483
487	468	487,1086
487	469	487,531
487	470	487
487	471	487,1077
490	472	490
490	473	490
490	474	490
491	475	491,699
496	476	496,2072,3153
496	477	496
496	478	496
496	479	496
496	480	496
499	481	499
501	482	501
509	483	509
528	484	528
530	485	530,971,2917,2919,2929,2930
530	486	530,2919
530	487	530
530	488	530,2919,2921
530	489	530
530	490	530,971,2943
531	491	531,1715
531	492	531,1077
531	493	531
531	494	531
532	495	532
532	496	532
534	497	534,1231,1823,2193
536	498	536,576
536	499	536,576
536	500	536,913
536	501	536
536	502	536
541	503	541
542	504	542
542	505	542
542	506	542,2235,2962
543	507	543,1088
543	508	543
543	509	543
543	510	543,1604,2063
543	511	543,1005,1418
550	512	550
550	513	550
551	514	551,773,2107
551	515	551,1846
551	516	551,674,904,3646
555	517	555
555	518	555,2698
555	519	555
555	520	555,2698
555	521	555
555	522	555
555	523	555
555	524	555,1523,2698
555	525	555
558	526	558
558	527	558
571	528	571,891,1437
571	529	571
571	530	571
571	531	571
572	532	572
572	533	572,1144
572	534	572
572	535	572,2150,2246
576	536	576
576	537	576
576	538	576
576	539	576
583	540	583,1673
583	541	583,1673
583	542	583
583	543	583
583	544	583
583	545	583
588	546	588
588	547	588
588	548	588
588	549	588,995
588	550	588
588	551	588
589	552	589
589	553	589
589	554	589
589	555	589
589	556	589
589	557	589
589	558	589
589	559	589
589	560	589
589	561	589
589	562	589,1327,1338
589	563	589
594	564	594
594	565	594
598	566	598
598	567	598
598	568	598
599	569	599
599	570	599
599	571	599
599	572	599
599	573	599
603	574	603
603	575	603
606	576	606
606	577	606
616	578	616,3505
616	579	616
623	580	623,1137
623	581	623,1032,1137
623	582	623
623	583	623
623	584	623,934,1005
631	585	631,986
631	586	631,986
631	587	631
632	588	632
632	589	632,889,1555
632	590	632
632	591	632
632	592	632
632	593	632
632	594	632
633	595	633
633	596	633
633	597	633
633	598	633
640	599	640
642	600	642
642	601	642,700,769
654	602	654,1029
654	603	654,1029,1410
654	604	654,1029,1193,3583
654	605	654,3583
670	606	670,858
670	607	670,2054,2546
670	608	670
672	609	672,1185
672	610	672
673	611	673,713,1241
674	612	674,904,2496
674	613	674,839,904,1508,1509,1513,1514,2107,2388,2775,3504
683	614	683
683	615	683
683	616	683
683	617	683,2698
683	618	683
683	619	683,2821
686	620	686
687	621	687
687	622	687,915
687	623	687,915
691	624	691,1049
691	625	691
699	626	699,1086
699	627	699
700	628	700,902
700	629	700,1120
700	630	700
702	631	702
702	632	702,858
706	633	706,1643,2196
706	634	706,2196
706	635	706,2388
706	636	706,2216
710	637	710
710	638	710,974,1042
710	639	710
710	640	710
710	641	710,974,978,1042,1116
710	642	710,987
710	643	710,773,1042,1645,2216
710	644	710
710	645	710
710	646	710,974,1717,1832,2359
713	647	713,1321
716	648	716
736	649	736,986
736	650	736
746	651	746
746	652	746
759	653	759
768	654	768,1139
769	655	769
769	656	769
771	657	771
771	658	771
771	659	771
772	660	772
772	661	772,788
772	662	772,788
773	663	773,1646,3316
773	664	773
773	665	773,1906
774	666	774,3300
774	667	774
774	668	774
774	669	774,3263
774	670	774
774	671	774
778	672	778,870
781	673	781,1263
781	674	781
788	675	788
788	676	788
788	677	788
795	678	795
796	679	796
796	680	796
804	681	804,821,1756
804	682	804,821
804	683	804,821
809	684	809
809	685	809,885
809	686	809
809	687	809
809	688	809
809	689	809
815	690	815
815	691	815,3116
815	692	815,3365
815	693	815,3365
816	694	816
816	695	816
817	696	817
820	697	820
820	698	820
821	699	821
821	700	821,1793,1799
821	701	821,1756
825	702	825
825	703	825,1105,1536
832	704	832
832	705	832
832	706	832,2100
832	707	832
838	708	838
839	709	839,1555
839	710	839,1514,1891,2775
845	711	845,2871
845	712	845
845	713	845
845	714	845
858	715	858
858	716	858,1418
858	717	858
858	718	858,1193
861	719	861
861	720	861
861	721	861
861	722	861
861	723	861,1998
864	724	864
864	725	864
864	726	864
870	727	870,1603,2793
870	728	870
870	729	870,1024,1440,1462
872	730	872
872	731	872
875	732	875,3524
875	733	875
875	734	875,1279
879	735	879
879	736	879,3750
879	737	879
879	738	879
885	739	885,939,2295
885	740	885
885	741	885
886	742	886
886	743	886
886	744	886
887	745	887
887	746	887
887	747	887,1081
887	748	887
890	749	890
891	750	891
891	751	891
891	752	891
893	753	893
893	754	893
893	755	893
894	756	894
895	757	895,1906
895	758	895,2246
895	759	895
895	760	895,1511
895	761	895
895	762	895
895	763	895,2075,3153,3154
907	764	907,1517
907	765	907,1511
907	766	907,3686
907	767	907,1891
911	768	911,3113
911	769	911,3113
911	770	911,1395,3113
911	771	911,3113
913	772	913
925	773	925,1231,1292
925	774	925
925	775	925,1292
934	776	934
937	777	937,1718,2066
937	778	937
937	779	937,1718
937	780	937
942	781	942
942	782	942
942	783	942
942	784	942
942	785	942
942	786	942
942	787	942
942	788	942
942	789	942
942	790	942
942	791	942
944	792	944
944	793	944
944	794	944,1312
944	795	944
945	796	945
945	797	945
945	798	945
945	799	945
946	800	946,1439,1823
955	801	955
958	802	958,1345,2817
958	803	958
958	804	958
958	805	958,1630,2019,2817,3126
962	806	962
962	807	962,3517
962	808	962
962	809	962
962	810	962
962	811	962
962	812	962
967	813	967,2858
969	814	969,1673
971	815	971,2361,3135,3156,3157,3160
971	816	971
971	817	971
973	818	973,1021
974	819	974,1646,2832
974	820	974
974	821	974
974	822	974
974	823	974
974	824	974
974	825	974
974	826	974,988,1703,2232,2233,2235
974	827	974
974	828	974
974	829	974
974	830	974
974	831	974
974	832	974
974	833	974,1116
974	834	974,1042
974	835	974
978	836	978
978	837	978,1042
987	838	987,2961
987	839	987
987	840	987,2960,2961
988	841	988,2235
988	842	988
989	843	989
994	844	994,1049
994	845	994
994	846	994
994	847	994,1049
994	848	994
995	849	995,2079
995	850	995,1351
997	851	997,3340,3360,3361
997	852	997,3340,3361
997	853	997,3340
1000	854	1000
1000	855	1000
1005	856	1005,2072
1005	857	1005
1008	858	1008
1015	859	1015
1015	860	1015
1020	861	1020
1020	862	1020,1282
1020	863	1020
1020	864	1020
1020	865	1020
1020	866	1020
1021	867	1021,3573
1021	868	1021
1021	869	1021
1021	870	1021
1021	871	1021
1024	872	1024
1024	873	1024
1025	874	1025
1025	875	1025,1919,2067,3550
1025	876	1025
1025	877	1025
1025	878	1025,2067,2069,3550
1031	879	1031
1031	880	1031
1031	881	1031
1032	882	1032,3522,3523,3524
1032	883	1032,3520
1032	884	1032
1032	885	1032,2791
1032	886	1032
1032	887	1032
1032	888	1032
1038	889	1038
1040	890	1040
1042	891	1042,2217
1042	892	1042
1048	893	1048,2490
1048	894	1048
1048	895	1048
1048	896	1048,2490
1048	897	1048,2490
1048	898	1048,2490
1049	899	1049,1905
1049	900	1049
1049	901	1049
1049	902	1049
1052	903	1052
1052	904	1052,1175
1052	905	1052,1174,1926
1056	906	1056
1060	907	1060
1060	908	1060,1526
1063	909	1063
1063	910	1063
1063	911	1063
1063	912	1063
1066	913	1066
1066	914	1066
1066	915	1066
1066	916	1066
1067	917	1067,1645,2326
1067	918	1067,2326
1067	919	1067,2250
1067	920	1067
1067	921	1067,2250
1070	922	1070
1070	923	1070
1070	924	1070
1070	925	1070,2957,3232
1073	926	1073
1073	927	1073
1081	928	1081,1429,3207,3210,3215
1081	929	1081,1137
1081	930	1081
1086	931	1086,1189,1203,1230,1546
1086	932	1086
1086	933	1086,3565
1086	934	1086
1086	935	1086
1086	936	1086
1086	937	1086
1093	938	1093
1093	939	1093,2109,2904
1093	940	1093,1266,2805,2806
1093	941	1093
1105	942	1105
1105	943	1105
1105	944	1105,1277,3661
1105	945	1105,1536
1105	946	1105
1106	947	1106
1106	948	1106
1106	949	1106
1106	950	1106
1106	951	1106
1106	952	1106
1106	953	1106
1108	954	1108,3304
1108	955	1108
1108	956	1108
1116	957	1116,2233
1116	958	1116,1646,1729
1120	959	1120
1120	960	1120
1120	961	1120,1245
1120	962	1120
1120	963	1120,1245
1127	964	1127
1127	965	1127
1127	966	1127
1127	967	1127
1127	968	1127
1127	969	1127
1130	970	1130
1130	971	1130,1131
1130	972	1130
1130	973	1130
1131	974	1131
1131	975	1131
1138	976	1138
1138	977	1138
1138	978	1138
1138	979	1138
1138	980	1138
1139	981	1139,1140
1144	982	1144
1144	983	1144
1144	984	1144
1144	985	1144
1144	986	1144
1144	987	1144
1147	988	1147
1150	989	1150
1150	990	1150,1650,3707,3708,3710,3711,3803
1150	991	1150,3707,3778
1167	992	1167,2301
1168	993	1168
1168	994	1168
1168	995	1168
1168	996	1168
1169	997	1169
1174	998	1174
1174	999	1174
1174	1000	1174
1174	1001	1174
1175	1002	1175
1175	1003	1175
1176	1004	1176,1488
1176	1005	1176
1181	1006	1181
1181	1007	1181
1181	1008	1181
1183	1009	1183
1186	1010	1186
1186	1011	1186,1203
1186	1012	1186,1203
1186	1013	1186
1187	1014	1187
1187	1015	1187
1187	1016	1187
1187	1017	1187
1187	1018	1187
1188	1019	1188
1188	1020	1188
1188	1021	1188
1189	1022	1189
1189	1023	1189,1714
1191	1024	1191
1191	1025	1191
1191	1026	1191,3139
1191	1027	1191
1192	1028	1192
1192	1029	1192
1193	1030	1193
1193	1031	1193,1410
1196	1032	1196,1283,1297
1196	1033	1196
1196	1034	1196
1197	1035	1197
1197	1036	1197
1197	1037	1197
1203	1038	1203
1203	1039	1203
1203	1040	1203
1203	1041	1203
1212	1042	1212
1212	1043	1212
1212	1044	1212
1212	1045	1212
1212	1046	1212
1215	1047	1215,1217
1215	1048	1215
1215	1049	1215
1215	1050	1215
1215	1051	1215
1217	1052	1217
1217	1053	1217
1218	1054	1218,1221,1225
1222	1055	1222,1420
1230	1056	1230
1230	1057	1230,2154,2155
1230	1058	1230
1230	1059	1230
1231	1060	1231
1231	1061	1231
1231	1062	1231
1236	1063	1236
1236	1064	1236
1236	1065	1236
1236	1066	1236
1237	1067	1237,1289,2823
1237	1068	1237
1237	1069	1237
1238	1070	1238
1238	1071	1238
1238	1072	1238
1239	1073	1239
1239	1074	1239
1239	1075	1239
1239	1076	1239
1239	1077	1239,3340
1240	1078	1240,1604,3706
1240	1079	1240
1240	1080	1240,3263
1241	1081	1241
1242	1082	1242,1252
1242	1083	1242,1315
1242	1084	1242
1242	1085	1242
1244	1086	1244
1244	1087	1244
1244	1088	1244
1244	1089	1244
1245	1090	1245
1246	1091	1246,3240
1253	1092	1253
1253	1093	1253
1253	1094	1253
1253	1095	1253
1256	1096	1256,1273
1256	1097	1256
1256	1098	1256
1256	1099	1256
1258	1100	1258
1258	1101	1258
1258	1102	1258
1258	1103	1258
1258	1104	1258
1258	1105	1258
1258	1106	1258
1258	1107	1258
1258	1108	1258
1258	1109	1258
1258	1110	1258
1258	1111	1258
1258	1112	1258
1258	1113	1258
1261	1114	1261
1261	1115	1261,2821,2822
1261	1116	1261,1280
1261	1117	1261,1280,2822,3561
1261	1118	1261
1262	1119	1262
1262	1120	1262
1262	1121	1262
1263	1122	1263
1263	1123	1263
1263	1124	1263
1266	1125	1266,1301
1266	1126	1266
1266	1127	1266
1266	1128	1266,2805
1266	1129	1266,1650
1266	1130	1266
1266	1131	1266
1269	1132	1269
1270	1133	1270
1272	1134	1272
1273	1135	1273,1307,1324
1273	1136	1273,1277,2363
1273	1137	1273,1277,2365
1276	1138	1276
1276	1139	1276
1276	1140	1276
1277	1141	1277
1277	1142	1277
1277	1143	1277
1279	1144	1279
1279	1145	1279
1279	1146	1279
1279	1147	1279
1279	1148	1279
1279	1149	1279
1280	1150	1280
1280	1151	1280
1282	1152	1282
1282	1153	1282,1720,2235,3646
1282	1154	1282
1283	1155	1283
1283	1156	1283
1284	1157	1284,1301,3539
1284	1158	1284
1284	1159	1284
1284	1160	1284
1285	1161	1285
1285	1162	1285
1285	1163	1285
1287	1164	1287
1287	1165	1287
1287	1166	1287,2368,2957
1289	1167	1289,1989
1290	1168	1290
1290	1169	1290
1290	1170	1290
1290	1171	1290
1290	1172	1290
1290	1173	1290
1291	1174	1291,1724
1291	1175	1291,1350,2145
1291	1176	1291
1292	1177	1292,1360,1397,2190
1292	1178	1292,1360,1397,2190
1293	1179	1293
1293	1180	1293
1293	1181	1293
1293	1182	1293
1293	1183	1293
1297	1184	1297
1298	1185	1298
1298	1186	1298
1298	1187	1298
1298	1188	1298
1299	1189	1299
1299	1190	1299
1301	1191	1301
1301	1192	1301,3717,3719
1302	1193	1302,1313,1344
1302	1194	1302
1302	1195	1302
1302	1196	1302,1673,3275
1302	1197	1302,1311,1654,3809
1304	1198	1304
1304	1199	1304
1304	1200	1304
1307	1201	1307
1307	1202	1307,1324
1311	1203	1311
1311	1204	1311
1312	1205	1312
1312	1206	1312,1918
1312	1207	1312,1915,1918,2640
1312	1208	1312
1313	1209	1313,1754
1313	1210	1313,2016
1313	1211	1313
1313	1212	1313
1315	1213	1315,1350,2956,2957
1315	1214	1315
1315	1215	1315
1316	1216	1316
1316	1217	1316,1686
1316	1218	1316
1316	1219	1316
1321	1220	1321
1321	1221	1321
1321	1222	1321
1324	1223	1324
1324	1224	1324
1326	1225	1326
1326	1226	1326,1373
1327	1227	1327,1338,1365,1922,2651,2961
1327	1228	1327
1327	1229	1327,1338
1327	1230	1327,2235
1327	1231	1327
1337	1232	1337,1345
1337	1233	1337,1345
1337	1234	1337
1338	1235	1338
1344	1236	1344
1344	1237	1344,1944
1344	1238	1344
1345	1239	1345
1347	1240	1347
1347	1241	1347
1347	1242	1347
1350	1243	1350
1350	1244	1350
1351	1245	1351
1351	1246	1351
1351	1247	1351
1351	1248	1351
1351	1249	1351,1353,2951
1351	1250	1351
1351	1251	1351
1351	1252	1351
1351	1253	1351
1351	1254	1351
1352	1255	1352,2077,3000
1352	1256	1352,1368
1352	1257	1352,1863
1352	1258	1352
1353	1259	1353,3708
1353	1260	1353
1353	1261	1353
1355	1262	1355
1355	1263	1355
1355	1264	1355,3679
1355	1265	1355,2546
1356	1266	1356
1356	1267	1356
1356	1268	1356,1442,1549,1989,1992,1996,3502,3503,3508
1356	1269	1356
1356	1270	1356
1357	1271	1357
1357	1272	1357
1357	1273	1357
1357	1274	1357,3262
1357	1275	1357
1358	1276	1358
1358	1277	1358,1395
1358	1278	1358
1358	1279	1358
1358	1280	1358,1395
1359	1281	1359
1360	1282	1360,1397
1366	1283	1366
1366	1284	1366
1366	1285	1366
1366	1286	1366
1367	1287	1367
1368	1288	1368,3275
1368	1289	1368
1369	1290	1369,1384
1369	1291	1369,1384
1369	1292	1369
1369	1293	1369,1384
1369	1294	1369,1384
1369	1295	1369,1384
1369	1296	1369,1384
1370	1297	1370,2077
1370	1298	1370
1371	1299	1371,2003
1371	1300	1371,2003
1372	1301	1372
1372	1302	1372
1372	1303	1372
1373	1304	1373
1374	1305	1374
1374	1306	1374
1374	1307	1374
1374	1308	1374
1377	1309	1377
1380	1310	1380
1380	1311	1380
1380	1312	1380,1398
1380	1313	1380
1381	1314	1381
1381	1315	1381
1381	1316	1381
1383	1317	1383
1383	1318	1383
1383	1319	1383
1383	1320	1383
1383	1321	1383
1383	1322	1383
1383	1323	1383
1384	1324	1384
1386	1325	1386
1386	1326	1386,2029
1386	1327	1386,2029
1386	1328	1386
1386	1329	1386,2035
1386	1330	1386
1386	1331	1386
1387	1332	1387
1387	1333	1387
1387	1334	1387
1388	1335	1388
1388	1336	1388
1388	1337	1388
1388	1338	1388
1389	1339	1389
1389	1340	1389
1389	1341	1389
1389	1342	1389
1389	1343	1389
1389	1344	1389
1390	1345	1390
1390	1346	1390
1390	1347	1390
1391	1348	1391
1393	1349	1393
1393	1350	1393
1393	1351	1393
1393	1352	1393,2813
1393	1353	1393
1393	1354	1393
1393	1355	1393
1395	1356	1395
1395	1357	1395
1395	1358	1395,1590
1398	1359	1398
1398	1360	1398
1398	1361	1398
1398	1362	1398
1398	1363	1398
1398	1364	1398
1398	1365	1398
1402	1366	1402,1407
1402	1367	1402
1405	1368	1405
1405	1369	1405
1406	1370	1406
1406	1371	1406
1406	1372	1406
1407	1373	1407
1408	1374	1408
1408	1375	1408
1408	1376	1408
1408	1377	1408
1410	1378	1410
1410	1379	1410
1412	1380	1412
1412	1381	1412
1418	1382	1418,1604,1971
1418	1383	1418
1418	1384	1418
1424	1385	1424,3530
1424	1386	1424
1426	1387	1426
1426	1388	1426
1428	1389	1428
1428	1390	1428
1428	1391	1428
1428	1392	1428
1428	1393	1428
1429	1394	1429
1429	1395	1429
1432	1396	1432
1432	1397	1432
1432	1398	1432
1432	1399	1432,1546
1432	1400	1432
1433	1401	1433
1433	1402	1433
1433	1403	1433
1433	1404	1433,1894
1433	1405	1433
1433	1406	1433
1433	1407	1433
1433	1408	1433
1436	1409	1436
1436	1410	1436,1480,2734
1436	1411	1436
1437	1412	1437
1437	1413	1437
1438	1414	1438
1439	1415	1439,2193
1440	1416	1440
1442	1417	1442,2522
1444	1418	1444,1445,1575
1445	1419	1445,1757
1445	1420	1445
1447	1421	1447
1447	1422	1447
1447	1423	1447
1447	1424	1447
1452	1425	1452
1452	1426	1452
1452	1427	1452
1452	1428	1452
1457	1429	1457,1459
1457	1430	1457
1457	1431	1457,1459,1461,3594
1459	1432	1459
1459	1433	1459,1461,3594
1461	1434	1461,3594
1462	1435	1462
1462	1436	1462
1465	1437	1465
1472	1438	1472
1472	1439	1472
1477	1440	1477
1477	1441	1477
1477	1442	1477
1477	1443	1477
1480	1444	1480
1480	1445	1480
1480	1446	1480
1480	1447	1480
1480	1448	1480
1480	1449	1480
1488	1450	1488
1488	1451	1488
1489	1452	1489
1489	1453	1489
1489	1454	1489
1489	1455	1489
1492	1456	1492
1492	1457	1492
1492	1458	1492
1492	1459	1492
1493	1460	1493
1493	1461	1493
1493	1462	1493,1496
1493	1463	1493
1496	1464	1496
1496	1465	1496
1496	1466	1496
1496	1467	1496
1496	1468	1496,2413
1501	1469	1501
1502	1470	1502
1502	1471	1502
1505	1472	1505,2968
1505	1473	1505,2968
1508	1474	1508,1510
1508	1475	1508,1509,2079
1508	1476	1508,1511,3686
1509	1477	1509
1510	1478	1510
1510	1479	1510
1510	1480	1510
1511	1481	1511,2659,3685
1511	1482	1511,2659,3087,3685
1511	1483	1511
1513	1484	1513,2948
1513	1485	1513,1846
1513	1486	1513
1514	1487	1514,2653,2775
1514	1488	1514,2653
1514	1489	1514,2653
1514	1490	1514
1523	1491	1523
1523	1492	1523
1523	1493	1523
1523	1494	1523
1523	1495	1523
1524	1496	1524
1525	1497	1525
1525	1498	1525
1530	1499	1530,1532,1534
1530	1500	1530,1534
1530	1501	1530
1530	1502	1530
1530	1503	1530,1532,1534
1530	1504	1530,2038
1530	1505	1530
1530	1506	1530,1534
1530	1507	1530
1534	1508	1534
1534	1509	1534
1534	1510	1534
1535	1511	1535
1536	1512	1536
1536	1513	1536
1536	1514	1536,3164,3167
1536	1515	1536,3168
1537	1516	1537,1540
1540	1517	1540
1540	1518	1540
1540	1519	1540
1540	1520	1540
1540	1521	1540
1540	1522	1540
1544	1523	1544
1544	1524	1544,1545
1545	1525	1545
1545	1526	1545
1546	1527	1546
1546	1528	1546
1546	1529	1546
1546	1530	1546
1546	1531	1546
1546	1532	1546
1551	1533	1551
1551	1534	1551
1551	1535	1551
1553	1536	1553
1553	1537	1553
1553	1538	1553
1554	1539	1554
1554	1540	1554
1555	1541	1555
1556	1542	1556,1557,1558
1556	1543	1556
1556	1544	1556
1556	1545	1556
1556	1546	1556
1556	1547	1556
1556	1548	1556,1558
1557	1549	1557
1557	1550	1557
1557	1551	1557
1558	1552	1558
1558	1553	1558
1558	1554	1558
1558	1555	1558
1558	1556	1558,1590
1558	1557	1558
1558	1558	1558,1705
1558	1559	1558
1563	1560	1563
1563	1561	1563
1563	1562	1563
1563	1563	1563
1568	1564	1568
1568	1565	1568
1568	1566	1568
1568	1567	1568
1573	1568	1573
1574	1569	1574
1575	1570	1575
1582	1571	1582
1582	1572	1582
1582	1573	1582
1582	1574	1582
1582	1575	1582
1586	1576	1586
1586	1577	1586
1586	1578	1586
1586	1579	1586
1590	1580	1590
1590	1581	1590
1590	1582	1590
1590	1583	1590
1596	1584	1596
1596	1585	1596
1596	1586	1596
1596	1587	1596
1596	1588	1596
1596	1589	1596
1605	1590	1605
1605	1591	1605
1605	1592	1605
1605	1593	1605
1605	1594	1605
1609	1595	1609
1609	1596	1609
1610	1597	1610,1611
1610	1598	1610
1610	1599	1610,1707
1610	1600	1610
1610	1601	1610,1686
1611	1602	1611
1611	1603	1611
1611	1604	1611,2267
1611	1605	1611
1611	1606	1611
1611	1607	1611
1611	1608	1611
1613	1609	1613
1613	1610	1613,1615
1613	1611	1613
1613	1612	1613
1613	1613	1613
1615	1614	1615
1615	1615	1615
1615	1616	1615
1618	1617	1618
1618	1618	1618
1618	1619	1618
1626	1620	1626,1629,1632
1626	1621	1626,1627,1632
1626	1622	1626,1629,1630,1632
1627	1623	1627
1627	1624	1627
1629	1625	1629
1629	1626	1629
1629	1627	1629
1630	1628	1630
1630	1629	1630
1630	1630	1630
1630	1631	1630
1636	1632	1636
1636	1633	1636
1636	1634	1636
1636	1635	1636
1643	1636	1643,1895,2199,3797,3824
1645	1637	1645,3697
1645	1638	1645,1646,1724,1729
1645	1639	1645
1650	1640	1650
1650	1641	1650
1650	1642	1650
1651	1643	1651,1654,1656,3809
1651	1644	1651,1654
1651	1645	1651
1654	1646	1654
1656	1647	1656
1656	1648	1656
1656	1649	1656
1665	1650	1665
1665	1651	1665
1665	1652	1665
1665	1653	1665
1665	1654	1665,2589
1665	1655	1665
1667	1656	1667
1667	1657	1667
1667	1658	1667,1895
1673	1659	1673,2419,3562
1673	1660	1673,3562
1673	1661	1673
1678	1662	1678
1678	1663	1678
1680	1664	1680
1680	1665	1680
1683	1666	1683
1683	1667	1683
1683	1668	1683
1685	1669	1685
1685	1670	1685
1685	1671	1685
1685	1672	1685
1688	1673	1688
1688	1674	1688
1688	1675	1688
1688	1676	1688
1688	1677	1688
1688	1678	1688
1688	1679	1688,2430
1688	1680	1688
1688	1681	1688
1688	1682	1688
1688	1683	1688
1688	1684	1688,1810,1814
1688	1685	1688
1688	1686	1688,1810,1814,3269,3270,3271,3326
1696	1687	1696,1959
1703	1688	1703
1703	1689	1703
1704	1690	1704
1704	1691	1704
1704	1692	1704,3349
1704	1693	1704,3349
1705	1694	1705
1705	1695	1705
1705	1696	1705
1706	1697	1706,1707,1708,1709
1706	1698	1706
1706	1699	1706,1707,1708,1709,1710,1711
1706	1700	1706,1707
1706	1701	1706,1708
1706	1702	1706
1706	1703	1706
1706	1704	1706,1707
1706	1705	1706
1706	1706	1706
1707	1707	1707
1707	1708	1707,1723,2566
1707	1709	1707,1708,1784
1707	1710	1707
1707	1711	1707
1707	1712	1707,1708
1707	1713	1707,1709,1711,1761
1707	1714	1707
1708	1715	1708
1708	1716	1708
1708	1717	1708
1708	1718	1708
1708	1719	1708
1708	1720	1708
1708	1721	1708
1708	1722	1708
1709	1723	1709,1710
1709	1724	1709
1709	1725	1709
1709	1726	1709
1709	1727	1709
1709	1728	1709,1710,1711
1709	1729	1709
1711	1730	1711
1714	1731	1714
1714	1732	1714
1714	1733	1714,1715
1715	1734	1715,2966
1715	1735	1715
1715	1736	1715
1717	1737	1717
1717	1738	1717
1717	1739	1717
1717	1740	1717
1718	1741	1718
1718	1742	1718
1718	1743	1718
1718	1744	1718
1719	1745	1719
1719	1746	1719
1719	1747	1719
1719	1748	1719
1720	1749	1720
1720	1750	1720
1720	1751	1720
1720	1752	1720
1722	1753	1722
1722	1754	1722
1722	1755	1722
1722	1756	1722
1723	1757	1723
1723	1758	1723
1723	1759	1723
1724	1760	1724
1724	1761	1724,2148,3232
1729	1762	1729,2226
1730	1763	1730
1730	1764	1730
1730	1765	1730
1730	1766	1730
1730	1767	1730
1733	1768	1733
1733	1769	1733
1733	1770	1733
1733	1771	1733
1737	1772	1737,1738
1737	1773	1737
1737	1774	1737
1737	1775	1737
1737	1776	1737
1738	1777	1738
1738	1778	1738
1738	1779	1738,1785
1739	1780	1739
1739	1781	1739
1739	1782	1739
1739	1783	1739
1739	1784	1739
1739	1785	1739
1745	1786	1745
1745	1787	1745
1745	1788	1745
1745	1789	1745
1745	1790	1745
1747	1791	1747
1747	1792	1747,1749
1747	1793	1747
1747	1794	1747
1749	1795	1749
1749	1796	1749
1749	1797	1749
1752	1798	1752
1752	1799	1752,1754
1752	1800	1752
1752	1801	1752
1754	1802	1754
1754	1803	1754,2156
1754	1804	1754,2156
1754	1805	1754,2191
1754	1806	1754
1754	1807	1754
1756	1808	1756,1792,1793
1756	1809	1756
1756	1810	1756
1756	1811	1756
1756	1812	1756
1756	1813	1756
1758	1814	1758
1763	1815	1763
1766	1816	1766
1766	1817	1766
1766	1818	1766
1766	1819	1766,2374
1766	1820	1766
1766	1821	1766
1766	1822	1766,1772
1767	1823	1767,3505
1767	1824	1767,3505
1767	1825	1767
1767	1826	1767
1772	1827	1772
1772	1828	1772
1772	1829	1772
1777	1830	1777,1780
1777	1831	1777,1780
1777	1832	1777,1780
1777	1833	1777,1780,2366
1777	1834	1777,1780,2366
1784	1835	1784,1785
1784	1836	1784
1784	1837	1784
1784	1838	1784
1785	1839	1785
1788	1840	1788
1788	1841	1788,3020
1788	1842	1788
1788	1843	1788
1792	1844	1792,1793,1794
1792	1845	1792
1793	1846	1793
1794	1847	1794
1794	1848	1794
1794	1849	1794
1795	1850	1795
1795	1851	1795
1795	1852	1795
1795	1853	1795
1799	1854	1799
1799	1855	1799
1799	1856	1799
1800	1857	1800
1801	1858	1801
1801	1859	1801
1801	1860	1801
1801	1861	1801
1801	1862	1801
1807	1863	1807
1807	1864	1807,2383
1807	1865	1807
1807	1866	1807
1807	1867	1807
1810	1868	1810,1814
1810	1869	1810,1814,2951
1810	1870	1810
1810	1871	1810
1819	1872	1819
1819	1873	1819
1819	1874	1819
1819	1875	1819
1819	1876	1819
1820	1877	1820,3708
1820	1878	1820,1953
1820	1879	1820
1820	1880	1820
1823	1881	1823,2193
1823	1882	1823
1825	1883	1825
1825	1884	1825
1825	1885	1825
1825	1886	1825
1831	1887	1831
1831	1888	1831
1831	1889	1831
1831	1890	1831
1831	1891	1831
1832	1892	1832,2360
1832	1893	1832
1832	1894	1832
1832	1895	1832
1837	1896	1837,1838,1839,1840,1841,1843,1870
1837	1897	1837,1839
1837	1898	1837,2294
1837	1899	1837,1843,1885
1838	1900	1838,1870
1838	1901	1838,1948
1838	1902	1838
1838	1903	1838
1838	1904	1838
1839	1905	1839
1839	1906	1839
1839	1907	1839,2075,3087
1840	1908	1840
1840	1909	1840
1840	1910	1840
1841	1911	1841,2117,3797
1841	1912	1841
1841	1913	1841
1843	1914	1843
1843	1915	1843
1843	1916	1843
1846	1917	1846
1846	1918	1846
1846	1919	1846,2189
1846	1920	1846,2388
1846	1921	1846
1846	1922	1846
1846	1923	1846
1846	1924	1846
1854	1925	1854,3565,3576,3579
1854	1926	1854
1854	1927	1854
1860	1928	1860
1860	1929	1860
1860	1930	1860
1860	1931	1860
1862	1932	1862
1862	1933	1862
1863	1934	1863,1866
1863	1935	1863
1863	1936	1863
1863	1937	1863,1904
1866	1938	1866
1866	1939	1866
1866	1940	1866
1870	1941	1870
1870	1942	1870
1875	1943	1875
1875	1944	1875
1875	1945	1875
1875	1946	1875
1875	1947	1875
1875	1948	1875
1880	1949	1880
1880	1950	1880
1880	1951	1880
1880	1952	1880
1881	1953	1881
1885	1954	1885,3545
1885	1955	1885,1888
1888	1956	1888
1888	1957	1888
1888	1958	1888
1888	1959	1888
1889	1960	1889
1889	1961	1889
1889	1962	1889
1889	1963	1889
1891	1964	1891
1891	1965	1891
1891	1966	1891
1892	1967	1892
1892	1968	1892
1892	1969	1892
1892	1970	1892
1893	1971	1893
1893	1972	1893
1893	1973	1893
1894	1974	1894
1894	1975	1894
1895	1976	1895
1895	1977	1895,2199,2987
1897	1978	1897
1897	1979	1897
1897	1980	1897
1898	1981	1898
1898	1982	1898
1898	1983	1898
1899	1984	1899
1899	1985	1899
1902	1986	1902
1902	1987	1902
1902	1988	1902
1902	1989	1902,1904
1904	1990	1904
1904	1991	1904
1904	1992	1904,2153
1905	1993	1905
1905	1994	1905
1906	1995	1906
1906	1996	1906
1906	1997	1906
1906	1998	1906
1906	1999	1906
1912	2000	1912
1912	2001	1912
1912	2002	1912
1915	2003	1915,1917,2149
1915	2004	1915
1915	2005	1915
1915	2006	1915
1915	2007	1915,1917
1915	2008	1915
1917	2009	1917,2149
1918	2010	1918,2640
1918	2011	1918
1919	2012	1919
1920	2013	1920
1920	2014	1920
1920	2015	1920
1926	2016	1926
1926	2017	1926
1926	2018	1926
1926	2019	1926
1935	2020	1935
1935	2021	1935
1942	2022	1942
1942	2023	1942,2103,2664
1942	2024	1942
1942	2025	1942
1942	2026	1942
1942	2027	1942,2351
1944	2028	1944
1944	2029	1944
1944	2030	1944,2659,2661,3686
1944	2031	1944
1944	2032	1944
1946	2033	1946
1946	2034	1946
1946	2035	1946
1950	2036	1950
1950	2037	1950
1950	2038	1950,1951
1950	2039	1950,1951
1950	2040	1950,1951
1950	2041	1950
1951	2042	1951
1953	2043	1953
1953	2044	1953
1953	2045	1953
1957	2046	1957
1957	2047	1957
1957	2048	1957
1957	2049	1957
1957	2050	1957
1962	2051	1962
1962	2052	1962
1962	2053	1962
1962	2054	1962
1962	2055	1962
1962	2056	1962
1962	2057	1962
1962	2058	1962
1971	2059	1971,1972
1971	2060	1971
1971	2061	1971
1973	2062	1973,1974,2217
1973	2063	1973,1975,1977
1973	2064	1973,2217
1973	2065	1973,1978,2217
1973	2066	1973,2217
1973	2067	1973
1974	2068	1974
1975	2069	1975
1975	2070	1975
1975	2071	1975
1975	2072	1975
1977	2073	1977
1977	2074	1977
1977	2075	1977
1979	2076	1979
1979	2077	1979
1979	2078	1979
1979	2079	1979
1979	2080	1979
1982	2081	1982
1982	2082	1982
1982	2083	1982
1982	2084	1982
1985	2085	1985
1985	2086	1985
1985	2087	1985
1985	2088	1985
1986	2089	1986
1986	2090	1986
1986	2091	1986
1986	2092	1986
1989	2093	1989
1989	2094	1989
1989	2095	1989
1992	2096	1992,3503
1996	2097	1996,3157
1996	2098	1996
1998	2099	1998,3566
1998	2100	1998
2003	2101	2003
2003	2102	2003
2004	2103	2004
2004	2104	2004
2004	2105	2004
2004	2106	2004
2013	2107	2013
2013	2108	2013
2013	2109	2013,3350
2013	2110	2013
2016	2111	2016
2016	2112	2016
2019	2113	2019
2019	2114	2019
2019	2115	2019
2021	2116	2021
2029	2117	2029
2029	2118	2029
2030	2119	2030,2929,3160
2030	2120	2030,3135,3160
2030	2121	2030
2030	2122	2030
2035	2123	2035
2038	2124	2038
2039	2125	2039
2039	2126	2039
2039	2127	2039
2039	2128	2039
2042	2129	2042
2042	2130	2042
2042	2131	2042,2061
2046	2132	2046
2046	2133	2046
2046	2134	2046
2046	2135	2046,2965
2046	2136	2046
2054	2137	2054
2054	2138	2054
2054	2139	2054
2058	2140	2058,3243
2058	2141	2058
2061	2142	2061
2061	2143	2061
2063	2144	2063
2063	2145	2063
2064	2146	2064,2495
2064	2147	2064
2064	2148	2064
2064	2149	2064,2495
2064	2150	2064
2066	2151	2066
2067	2152	2067,2069,3550
2067	2153	2067,2266,3382
2067	2154	2067,2266
2067	2155	2067
2070	2156	2070
2070	2157	2070
2070	2158	2070,2296,2297
2070	2159	2070
2072	2160	2072
2072	2161	2072
2073	2162	2073
2075	2163	2075
2077	2164	2077
2077	2165	2077,3182
2079	2166	2079,2080,2081,2082,3340,3353,3359
2079	2167	2079
2079	2168	2079
2080	2169	2080
2080	2170	2080
2082	2171	2082
2082	2172	2082,3316
2083	2173	2083
2083	2174	2083
2083	2175	2083
2083	2176	2083
2092	2177	2092,3564
2092	2178	2092
2092	2179	2092,2095
2092	2180	2092,3784
2092	2181	2092
2092	2182	2092,2755
2092	2183	2092,2095
2095	2184	2095
2095	2185	2095
2097	2186	2097
2098	2187	2098
2100	2188	2100
2103	2189	2103
2103	2190	2103
2103	2191	2103,2734
2103	2192	2103
2103	2193	2103,2991
2103	2194	2103
2103	2195	2103,2162
2103	2196	2103
2103	2197	2103
2103	2198	2103
2103	2199	2103,2991
2103	2200	2103
2103	2201	2103
2107	2202	2107
2107	2203	2107
2107	2204	2107,2843,2850
2107	2205	2107
2107	2206	2107
2107	2207	2107
2109	2208	2109
2109	2209	2109,2904
2109	2210	2109
2117	2211	2117
2117	2212	2117
2117	2213	2117,2761
2121	2214	2121
2121	2215	2121
2121	2216	2121
2121	2217	2121
2121	2218	2121
2121	2219	2121
2122	2220	2122
2122	2221	2122
2122	2222	2122
2122	2223	2122
2123	2224	2123
2128	2225	2128
2128	2226	2128
2128	2227	2128
2142	2228	2142
2143	2229	2143
2143	2230	2143
2143	2231	2143
2145	2232	2145,2962
2145	2233	2145
2145	2234	2145
2145	2235	2145,3642
2146	2236	2146
2148	2237	2148
2148	2238	2148
2148	2239	2148
2148	2240	2148
2148	2241	2148
2148	2242	2148
2148	2243	2148,3232
2148	2244	2148
2148	2245	2148,2497
2149	2246	2149
2150	2247	2150
2150	2248	2150
2150	2249	2150
2150	2250	2150
2150	2251	2150
2152	2252	2152
2152	2253	2152
2152	2254	2152
2152	2255	2152
2153	2256	2153,2178
2153	2257	2153
2153	2258	2153
2154	2259	2154
2154	2260	2154
2154	2261	2154
2154	2262	2154
2155	2263	2155
2155	2264	2155
2155	2265	2155
2156	2266	2156,2169
2156	2267	2156,3723
2156	2268	2156
2156	2269	2156
2157	2270	2157
2157	2271	2157,2163
2157	2272	2157,2162
2162	2273	2162
2162	2274	2162
2163	2275	2163
2165	2276	2165
2165	2277	2165
2165	2278	2165
2165	2279	2165
2169	2280	2169,2372
2169	2281	2169
2169	2282	2169,2418,3275
2169	2283	2169
2169	2284	2169
2178	2285	2178
2178	2286	2178,2181,2455
2178	2287	2178
2181	2288	2181,2455
2181	2289	2181,2455
2181	2290	2181
2181	2291	2181
2185	2292	2185,2383
2185	2293	2185
2185	2294	2185
2185	2295	2185
2185	2296	2185,2509
2185	2297	2185,2382
2185	2298	2185
2185	2299	2185
2190	2300	2190
2190	2301	2190
2190	2302	2190
2190	2303	2190
2190	2304	2190
2199	2305	2199
2205	2306	2205
2205	2307	2205
2205	2308	2205
2216	2309	2216
2216	2310	2216
2217	2311	2217
2217	2312	2217
2217	2313	2217
2218	2314	2218
2218	2315	2218
2218	2316	2218
2218	2317	2218
2221	2318	2221
2221	2319	2221
2221	2320	2221
2221	2321	2221
2223	2322	2223
2224	2323	2224
2224	2324	2224,2225
2224	2325	2224
2224	2326	2224
2224	2327	2224,2499
2224	2328	2224
2225	2329	2225
2225	2330	2225
2225	2331	2225
2225	2332	2225
2226	2333	2226
2226	2334	2226
2232	2335	2232
2232	2336	2232
2232	2337	2232
2235	2338	2235
2236	2339	2236,2237
2237	2340	2237
2237	2341	2237
2237	2342	2237
2246	2343	2246
2246	2344	2246
2246	2345	2246
2250	2346	2250
2250	2347	2250
2253	2348	2253
2253	2349	2253
2257	2350	2257
2257	2351	2257
2257	2352	2257
2257	2353	2257
2257	2354	2257
2262	2355	2262
2262	2356	2262
2262	2357	2262
2262	2358	2262
2262	2359	2262
2262	2360	2262
2262	2361	2262
2266	2362	2266
2266	2363	2266
2266	2364	2266
2266	2365	2266
2266	2366	2266
2266	2367	2266
2266	2368	2266
2266	2369	2266
2266	2370	2266
2266	2371	2266
2266	2372	2266
2267	2373	2267
2267	2374	2267
2275	2375	2275
2275	2376	2275
2275	2377	2275
2275	2378	2275
2275	2379	2275
2286	2380	2286
2286	2381	2286
2286	2382	2286
2286	2383	2286
2286	2384	2286
2290	2385	2290,2296
2291	2386	2291
2291	2387	2291
2294	2388	2294
2294	2389	2294
2294	2390	2294
2296	2391	2296,2297,2298
2296	2392	2296
2296	2393	2296,2297,2298
2297	2394	2297,2298
2297	2395	2297,2298
2297	2396	2297
2298	2397	2298
2298	2398	2298
2298	2399	2298
2298	2400	2298
2298	2401	2298
2298	2402	2298
2298	2403	2298
2298	2404	2298
2298	2405	2298
2298	2406	2298
2298	2407	2298
2298	2408	2298
2298	2409	2298
2298	2410	2298
2299	2411	2299
2299	2412	2299
2301	2413	2301
2301	2414	2301
2301	2415	2301
2301	2416	2301
2301	2417	2301
2301	2418	2301
2301	2419	2301
2301	2420	2301
2301	2421	2301
2301	2422	2301
2301	2423	2301
2304	2424	2304
2304	2425	2304
2304	2426	2304
2304	2427	2304
2307	2428	2307
2307	2429	2307
2308	2430	2308,2311,3509
2308	2431	2308,2310,2311,2313
2308	2432	2308
2308	2433	2308,3509
2310	2434	2310
2310	2435	2310,2311,2313
2310	2436	2310,2311
2310	2437	2310
2310	2438	2310,2312
2312	2439	2312
2313	2440	2313
2313	2441	2313
2319	2442	2319
2322	2443	2322
2322	2444	2322,2763,3129,3283
2322	2445	2322,2767
2325	2446	2325
2326	2447	2326
2326	2448	2326
2326	2449	2326
2327	2450	2327
2327	2451	2327
2327	2452	2327
2327	2453	2327
2329	2454	2329
2329	2455	2329
2329	2456	2329
2329	2457	2329
2329	2458	2329
2331	2459	2331
2337	2460	2337
2337	2461	2337
2337	2462	2337
2337	2463	2337,3350
2337	2464	2337
2344	2465	2344
2344	2466	2344
2347	2467	2347
2347	2468	2347,3513,3515
2347	2469	2347
2347	2470	2347
2351	2471	2351
2351	2472	2351
2351	2473	2351
2351	2474	2351
2351	2475	2351
2351	2476	2351
2351	2477	2351
2351	2478	2351
2351	2479	2351
2354	2480	2354
2354	2481	2354
2358	2482	2358,2377,2379,2382,2383,2611,2614
2358	2483	2358,2614
2358	2484	2358,2614
2358	2485	2358,2381
2358	2486	2358
2360	2487	2360
2360	2488	2360
2360	2489	2360
2360	2490	2360
2360	2491	2360
2360	2492	2360
2360	2493	2360
2360	2494	2360
2360	2495	2360
2360	2496	2360
2360	2497	2360,2860
2360	2498	2360
2360	2499	2360
2360	2500	2360
2360	2501	2360
2360	2502	2360
2360	2503	2360
2361	2504	2361,3135
2364	2505	2364
2366	2506	2366
2366	2507	2366
2371	2508	2371
2371	2509	2371
2371	2510	2371,3154
2377	2511	2377
2377	2512	2377
2377	2513	2377
2377	2514	2377
2377	2515	2377
2379	2516	2379
2379	2517	2379
2379	2518	2379
2379	2519	2379
2379	2520	2379,2383
2381	2521	2381
2382	2522	2382,2383
2383	2523	2383
2388	2524	2388
2389	2525	2389
2389	2526	2389
2389	2527	2389
2395	2528	2395,3365
2401	2529	2401
2401	2530	2401
2404	2531	2404
2404	2532	2404
2404	2533	2404
2409	2534	2409
2413	2535	2413
2413	2536	2413
2414	2537	2414
2416	2538	2416
2416	2539	2416
2416	2540	2416
2416	2541	2416
2418	2542	2418
2418	2543	2418,3153
2419	2544	2419
2419	2545	2419
2420	2546	2420
2420	2547	2420
2420	2548	2420
2426	2549	2426
2426	2550	2426
2426	2551	2426
2427	2552	2427
2427	2553	2427
2427	2554	2427
2430	2555	2430
2430	2556	2430
2430	2557	2430
2431	2558	2431
2432	2559	2432
2432	2560	2432
2432	2561	2432,2433,2437,2565
2433	2562	2433
2433	2563	2433
2437	2564	2437
2441	2565	2441
2441	2566	2441
2441	2567	2441
2441	2568	2441
2446	2569	2446
2446	2570	2446
2446	2571	2446
2446	2572	2446
2447	2573	2447,2486
2450	2574	2450
2450	2575	2450
2450	2576	2450
2451	2577	2451
2451	2578	2451
2451	2579	2451
2455	2580	2455
2455	2581	2455
2455	2582	2455
2455	2583	2455
2472	2584	2472
2472	2585	2472
2472	2586	2472
2472	2587	2472
2472	2588	2472
2472	2589	2472
2472	2590	2472
2480	2591	2480
2480	2592	2480,3241
2482	2593	2482
2482	2594	2482
2482	2595	2482
2482	2596	2482
2482	2597	2482
2483	2598	2483
2483	2599	2483
2483	2600	2483
2488	2601	2488
2488	2602	2488
2488	2603	2488
2488	2604	2488
2488	2605	2488
2490	2606	2490
2495	2607	2495
2495	2608	2495
2495	2609	2495
2495	2610	2495
2495	2611	2495
2496	2612	2496
2497	2613	2497
2497	2614	2497,2499
2499	2615	2499,2927
2499	2616	2499
2499	2617	2499
2500	2618	2500
2500	2619	2500
2500	2620	2500
2500	2621	2500
2509	2622	2509
2509	2623	2509
2509	2624	2509
2512	2625	2512
2512	2626	2512
2512	2627	2512,2916
2512	2628	2512
2512	2629	2512
2518	2630	2518
2518	2631	2518,2519,2526,3175
2518	2632	2518
2518	2633	2518,2519,2521,2522,3502,3503,3508
2518	2634	2518,3175
2519	2635	2519,3175
2519	2636	2519,3175
2519	2637	2519
2519	2638	2519
2521	2639	2521,3502
2521	2640	2521
2521	2641	2521
2522	2642	2522
2527	2643	2527
2527	2644	2527
2527	2645	2527
2527	2646	2527
2532	2647	2532
2532	2648	2532
2532	2649	2532
2532	2650	2532
2539	2651	2539
2539	2652	2539
2539	2653	2539
2546	2654	2546
2546	2655	2546
2547	2656	2547
2547	2657	2547
2547	2658	2547
2547	2659	2547
2547	2660	2547
2547	2661	2547
2549	2662	2549,2552
2549	2663	2549
2549	2664	2549
2549	2665	2549
2550	2666	2550
2550	2667	2550
2550	2668	2550
2552	2669	2552
2552	2670	2552
2552	2671	2552
2552	2672	2552
2554	2673	2554
2554	2674	2554
2554	2675	2554
2555	2676	2555
2555	2677	2555
2565	2678	2565
2565	2679	2565
2565	2680	2565
2566	2681	2566
2566	2682	2566,2960
2566	2683	2566
2581	2684	2581
2581	2685	2581
2581	2686	2581
2581	2687	2581
2581	2688	2581
2581	2689	2581
2587	2690	2587
2589	2691	2589
2589	2692	2589
2589	2693	2589
2592	2694	2592
2592	2695	2592
2592	2696	2592
2592	2697	2592
2598	2698	2598,2601
2598	2699	2598,2601
2598	2700	2598,2601
2598	2701	2598
2598	2702	2598
2598	2703	2598
2601	2704	2601
2615	2705	2615
2615	2706	2615
2615	2707	2615
2615	2708	2615
2622	2709	2622
2622	2710	2622
2622	2711	2622
2622	2712	2622
2622	2713	2622
2622	2714	2622
2632	2715	2632
2632	2716	2632,2651,2653
2632	2717	2632
2640	2718	2640
2640	2719	2640
2640	2720	2640
2640	2721	2640
2643	2722	2643
2643	2723	2643
2643	2724	2643
2643	2725	2643
2648	2726	2648
2648	2727	2648
2648	2728	2648
2648	2729	2648
2650	2730	2650
2650	2731	2650
2650	2732	2650
2651	2733	2651
2651	2734	2651
2651	2735	2651
2651	2736	2651
2651	2737	2651
2651	2738	2651
2651	2739	2651
2652	2740	2652
2653	2741	2653
2654	2742	2654
2654	2743	2654
2654	2744	2654
2654	2745	2654
2654	2746	2654
2659	2747	2659,2661
2659	2748	2659,2663,3687
2659	2749	2659
2661	2750	2661,2663,3685,3686,3687
2663	2751	2663
2663	2752	2663
2663	2753	2663
2664	2754	2664
2664	2755	2664
2664	2756	2664
2664	2757	2664
2664	2758	2664
2664	2759	2664
2664	2760	2664
2664	2761	2664
2664	2762	2664
2664	2763	2664
2669	2764	2669
2669	2765	2669
2669	2766	2669
2669	2767	2669
2677	2768	2677
2677	2769	2677
2677	2770	2677
2684	2771	2684
2688	2772	2688
2689	2773	2689
2689	2774	2689
2689	2775	2689
2689	2776	2689
2691	2777	2691
2691	2778	2691
2691	2779	2691
2691	2780	2691
2698	2781	2698
2698	2782	2698
2698	2783	2698
2701	2784	2701
2701	2785	2701
2701	2786	2701
2702	2787	2702
2702	2788	2702
2702	2789	2702
2702	2790	2702
2702	2791	2702
2707	2792	2707
2708	2793	2708
2708	2794	2708
2708	2795	2708
2708	2796	2708
2711	2797	2711,2713
2711	2798	2711
2711	2799	2711
2711	2800	2711
2713	2801	2713
2713	2802	2713
2717	2803	2717
2717	2804	2717
2717	2805	2717
2720	2806	2720
2720	2807	2720
2720	2808	2720
2720	2809	2720
2729	2810	2729
2729	2811	2729
2729	2812	2729
2729	2813	2729
2729	2814	2729
2732	2815	2732
2732	2816	2732
2732	2817	2732
2732	2818	2732
2734	2819	2734
2734	2820	2734
2740	2821	2740
2740	2822	2740
2740	2823	2740
2742	2824	2742
2742	2825	2742
2742	2826	2742
2744	2827	2744
2744	2828	2744
2744	2829	2744
2744	2830	2744
2744	2831	2744
2747	2832	2747
2747	2833	2747
2749	2834	2749
2749	2835	2749
2749	2836	2749
2749	2837	2749
2749	2838	2749
2750	2839	2750
2751	2840	2751
2751	2841	2751
2752	2842	2752
2753	2843	2753
2753	2844	2753
2753	2845	2753,2988
2753	2846	2753
2753	2847	2753
2753	2848	2753
2753	2849	2753
2755	2850	2755
2755	2851	2755
2759	2852	2759
2759	2853	2759
2759	2854	2759
2759	2855	2759
2759	2856	2759
2760	2857	2760
2760	2858	2760
2761	2859	2761
2761	2860	2761
2761	2861	2761
2763	2862	2763
2768	2863	2768
2768	2864	2768
2768	2865	2768
2768	2866	2768
2778	2867	2778
2778	2868	2778
2778	2869	2778
2778	2870	2778
2778	2871	2778
2785	2872	2785
2785	2873	2785
2785	2874	2785
2786	2875	2786
2786	2876	2786
2786	2877	2786
2786	2878	2786
2786	2879	2786
2788	2880	2788
2791	2881	2791
2791	2882	2791
2793	2883	2793
2793	2884	2793
2793	2885	2793
2795	2886	2795
2795	2887	2795
2795	2888	2795
2795	2889	2795
2795	2890	2795,3707,3708,3711
2805	2891	2805
2808	2892	2808
2808	2893	2808
2808	2894	2808
2808	2895	2808
2808	2896	2808
2813	2897	2813,2814,2816
2813	2898	2813,2814
2813	2899	2813
2817	2900	2817,2819
2820	2901	2820
2821	2902	2821,2845
2821	2903	2821
2821	2904	2821
2821	2905	2821
2822	2906	2822
2822	2907	2822
2822	2908	2822
2823	2909	2823
2823	2910	2823
2823	2911	2823
2824	2912	2824,2827
2824	2913	2824,2827
2824	2914	2824
2824	2915	2824
2827	2916	2827,2831
2828	2917	2828
2831	2918	2831
2831	2919	2831
2831	2920	2831
2832	2921	2832
2832	2922	2832
2832	2923	2832
2834	2924	2834,2837
2834	2925	2834
2834	2926	2834
2838	2927	2838
2838	2928	2838
2840	2929	2840
2840	2930	2840
2840	2931	2840
2840	2932	2840
2842	2933	2842
2842	2934	2842
2842	2935	2842
2842	2936	2842
2842	2937	2842
2843	2938	2843
2843	2939	2843
2843	2940	2843
2843	2941	2843
2843	2942	2843
2845	2943	2845
2845	2944	2845
2845	2945	2845
2846	2946	2846
2846	2947	2846
2846	2948	2846
2846	2949	2846
2846	2950	2846
2846	2951	2846
2846	2952	2846
2850	2953	2850
2850	2954	2850
2850	2955	2850
2850	2956	2850
2850	2957	2850
2850	2958	2850
2850	2959	2850
2850	2960	2850
2856	2961	2856
2856	2962	2856
2856	2963	2856
2856	2964	2856
2856	2965	2856
2858	2966	2858
2858	2967	2858
2858	2968	2858
2859	2969	2859,2860
2859	2970	2859
2859	2971	2859
2867	2972	2867
2868	2973	2868
2868	2974	2868
2868	2975	2868
2868	2976	2868
2869	2977	2869,2870
2869	2978	2869
2869	2979	2869
2869	2980	2869
2870	2981	2870
2870	2982	2870,2871
2870	2983	2870
2871	2984	2871
2871	2985	2871
2872	2986	2872
2872	2987	2872
2872	2988	2872
2872	2989	2872
2876	2990	2876
2876	2991	2876
2876	2992	2876
2876	2993	2876
2884	2994	2884
2884	2995	2884
2884	2996	2884
2884	2997	2884
2884	2998	2884
2888	2999	2888
2888	3000	2888
2888	3001	2888
2888	3002	2888
2890	3003	2890
2890	3004	2890
2890	3005	2890
2890	3006	2890
2890	3007	2890
2895	3008	2895
2896	3009	2896
2897	3010	2897,2898
2899	3011	2899
2899	3012	2899,3269
2899	3013	2899
2899	3014	2899
2899	3015	2899
2901	3016	2901
2901	3017	2901
2901	3018	2901
2904	3019	2904
2904	3020	2904
2905	3021	2905
2908	3022	2908,2909
2908	3023	2908,2909
2910	3024	2910,2947
2910	3025	2910
2910	3026	2910
2913	3027	2913
2913	3028	2913
2914	3029	2914
2914	3030	2914
2914	3031	2914
2914	3032	2914
2914	3033	2914
2914	3034	2914
2915	3035	2915
2915	3036	2915
2916	3037	2916
2916	3038	2916
2916	3039	2916
2916	3040	2916
2917	3041	2917
2917	3042	2917
2917	3043	2917
2917	3044	2917
2919	3045	2919
2923	3046	2923
2923	3047	2923
2923	3048	2923
2925	3049	2925
2925	3050	2925
2925	3051	2925
2925	3052	2925
2926	3053	2926,2927
2926	3054	2926
2926	3055	2926,2927
2926	3056	2926
2927	3057	2927
2927	3058	2927
2927	3059	2927,3717,3721,3730
2927	3060	2927
2929	3061	2929
2930	3062	2930
2930	3063	2930
2930	3064	2930
2930	3065	2930
2930	3066	2930
2930	3067	2930
2931	3068	2931
2931	3069	2931
2933	3070	2933
2933	3071	2933
2933	3072	2933
2933	3073	2933
2940	3074	2940
2943	3075	2943
2943	3076	2943
2943	3077	2943
2943	3078	2943
2943	3079	2943
2947	3080	2947
2947	3081	2947
2947	3082	2947
2947	3083	2947
2947	3084	2947
2951	3085	2951
2951	3086	2951
2951	3087	2951
2951	3088	2951
2951	3089	2951
2957	3090	2957,3828,3830,3831
2957	3091	2957,3828
2957	3092	2957,3830
2957	3093	2957
2960	3094	2960,2961
2960	3095	2960
2960	3096	2960
2960	3097	2960
2960	3098	2960
2961	3099	2961,2962
2961	3100	2961
2961	3101	2961
2961	3102	2961
2963	3103	2963
2963	3104	2963
2963	3105	2963,2964,2968
2963	3106	2963
2964	3107	2964
2964	3108	2964
2964	3109	2964
2966	3110	2966
2968	3111	2968
2968	3112	2968
2968	3113	2968
2968	3114	2968
2968	3115	2968
2968	3116	2968
2968	3117	2968
2968	3118	2968
2968	3119	2968
2968	3120	2968
2968	3121	2968
2968	3122	2968
2968	3123	2968,3373
2969	3124	2969
2970	3125	2970
2970	3126	2970
2970	3127	2970,2977
2970	3128	2970,2977
2977	3129	2977
2979	3130	2979
2979	3131	2979
2979	3132	2979
2979	3133	2979
2982	3134	2982
2982	3135	2982
2982	3136	2982
2982	3137	2982
2982	3138	2982
2983	3139	2983
2983	3140	2983
2983	3141	2983
2984	3142	2984,2986
2984	3143	2984
2986	3144	2986
2986	3145	2986
2986	3146	2986
2986	3147	2986
2987	3148	2987
2987	3149	2987
2987	3150	2987
2988	3151	2988
2988	3152	2988
2988	3153	2988
2988	3154	2988
2990	3155	2990
2990	3156	2990
2990	3157	2990
2991	3158	2991,2992
2992	3159	2992
2997	3160	2997
2997	3161	2997
2997	3162	2997
3000	3163	3000
3000	3164	3000
3000	3165	3000
3000	3166	3000
3000	3167	3000
3000	3168	3000
3005	3169	3005
3005	3170	3005
3005	3171	3005
3005	3172	3005
3005	3173	3005
3005	3174	3005
3005	3175	3005
3012	3176	3012
3014	3177	3014
3014	3178	3014,3015
3014	3179	3014
3015	3180	3015
3015	3181	3015
3015	3182	3015
3018	3183	3018
3018	3184	3018
3018	3185	3018
3018	3186	3018
3018	3187	3018
3018	3188	3018
3020	3189	3020
3020	3190	3020
3020	3191	3020
3020	3192	3020
3026	3193	3026
3026	3194	3026
3026	3195	3026
3026	3196	3026
3026	3197	3026
3033	3198	3033
3033	3199	3033
3033	3200	3033
3033	3201	3033
3033	3202	3033
3033	3203	3033
3033	3204	3033
3035	3205	3035
3035	3206	3035
3035	3207	3035
3043	3208	3043
3043	3209	3043
3045	3210	3045
3045	3211	3045
3045	3212	3045
3045	3213	3045
3045	3214	3045
3045	3215	3045,3297
3047	3216	3047
3047	3217	3047,3048
3047	3218	3047
3048	3219	3048
3048	3220	3048
3049	3221	3049
3049	3222	3049
3049	3223	3049
3053	3224	3053
3053	3225	3053
3053	3226	3053
3053	3227	3053
3053	3228	3053
3071	3229	3071
3071	3230	3071
3071	3231	3071,3177
3071	3232	3071
3077	3233	3077,3078
3087	3234	3087
3087	3235	3087
3087	3236	3087
3087	3237	3087
3087	3238	3087
3114	3239	3114
3114	3240	3114
3126	3241	3126
3126	3242	3126
3126	3243	3126
3126	3244	3126
3129	3245	3129
3129	3246	3129
3133	3247	3133
3135	3248	3135
3135	3249	3135
3135	3250	3135
3137	3251	3137
3137	3252	3137
3137	3253	3137
3138	3254	3138
3138	3255	3138
3138	3256	3138
3139	3257	3139
3139	3258	3139
3141	3259	3141
3154	3260	3154
3154	3261	3154
3157	3262	3157
3159	3263	3159
3159	3264	3159
3159	3265	3159
3159	3266	3159
3160	3267	3160
3160	3268	3160
3160	3269	3160
3161	3270	3161,3163
3161	3271	3161,3163
3161	3272	3161
3162	3273	3162,3165
3162	3274	3162
3163	3275	3163
3163	3276	3163
3164	3277	3164
3164	3278	3164,3403
3164	3279	3164,3403
3165	3280	3165
3165	3281	3165
3165	3282	3165
3166	3283	3166
3166	3284	3166
3166	3285	3166
3166	3286	3166
3166	3287	3166
3166	3288	3166
3166	3289	3166
3166	3290	3166
3167	3291	3167
3167	3292	3167
3168	3293	3168
3168	3294	3168
3168	3295	3168
3168	3296	3168
3169	3297	3169
3169	3298	3169
3169	3299	3169
3169	3300	3169
3174	3301	3174
3174	3302	3174
3174	3303	3174
3174	3304	3174
3174	3305	3174
3175	3306	3175
3175	3307	3175
3175	3308	3175
3176	3309	3176
3176	3310	3176
3176	3311	3176,3177
3176	3312	3176
3177	3313	3177
3177	3314	3177
3182	3315	3182
3182	3316	3182
3182	3317	3182
3182	3318	3182,3185
3184	3319	3184
3184	3320	3184
3184	3321	3184
3185	3322	3185
3185	3323	3185
3185	3324	3185
3185	3325	3185
3185	3326	3185
3185	3327	3185
3185	3328	3185
3195	3329	3195
3195	3330	3195
3195	3331	3195
3202	3332	3202
3202	3333	3202,3203
3202	3334	3202
3202	3335	3202,3796
3202	3336	3202
3202	3337	3202
3202	3338	3202,3203
3202	3339	3202
3203	3340	3203
3203	3341	3203
3204	3342	3204
3204	3343	3204
3204	3344	3204
3207	3345	3207,3377
3207	3346	3207
3207	3347	3207
3207	3348	3207
3210	3349	3210
3210	3350	3210
3215	3351	3215
3215	3352	3215
3215	3353	3215
3215	3354	3215
3215	3355	3215
3215	3356	3215
3215	3357	3215
3215	3358	3215
3215	3359	3215
3224	3360	3224
3224	3361	3224
3224	3362	3224
3225	3363	3225
3225	3364	3225
3227	3365	3227
3227	3366	3227
3228	3367	3228
3228	3368	3228
3228	3369	3228
3228	3370	3228
3228	3371	3228
3232	3372	3232
3240	3373	3240
3240	3374	3240
3240	3375	3240
3240	3376	3240
3243	3377	3243
3243	3378	3243
3243	3379	3243
3243	3380	3243
3254	3381	3254
3254	3382	3254
3254	3383	3254
3254	3384	3254
3261	3385	3261
3261	3386	3261
3261	3387	3261
3261	3388	3261
3262	3389	3262
3262	3390	3262
3262	3391	3262
3262	3392	3262
3263	3393	3263,3297
3263	3394	3263
3263	3395	3263
3263	3396	3263,3300
3263	3397	3263
3269	3398	3269
3269	3399	3269,3270,3271,3326
3269	3400	3269
3270	3401	3270,3271
3270	3402	3270,3271
3270	3403	3270
3270	3404	3270
3270	3405	3270
3273	3406	3273
3273	3407	3273
3275	3408	3275
3278	3409	3278
3278	3410	3278
3278	3411	3278
3282	3412	3282
3283	3413	3283
3285	3414	3285
3285	3415	3285
3285	3416	3285
3290	3417	3290
3290	3418	3290
3290	3419	3290
3297	3420	3297,3300
3297	3421	3297,3299
3299	3422	3299
3299	3423	3299
3299	3424	3299
3300	3425	3300
3303	3426	3303,3304
3303	3427	3303,3304
3303	3428	3303
3304	3429	3304
3306	3430	3306
3306	3431	3306
3306	3432	3306
3306	3433	3306
3307	3434	3307
3307	3435	3307
3307	3436	3307
3308	3437	3308
3308	3438	3308
3308	3439	3308
3308	3440	3308
3309	3441	3309
3309	3442	3309
3309	3443	3309
3310	3444	3310
3311	3445	3311
3311	3446	3311,3314
3311	3447	3311
3314	3448	3314
3314	3449	3314
3316	3450	3316
3318	3451	3318
3318	3452	3318
3318	3453	3318
3321	3454	3321
3321	3455	3321
3323	3456	3323
3323	3457	3323
3323	3458	3323
3326	3459	3326
3326	3460	3326
3328	3461	3328
3328	3462	3328
3331	3463	3331
3331	3464	3331
3331	3465	3331
3331	3466	3331
3340	3467	3340,3367
3341	3468	3341
3341	3469	3341
3341	3470	3341
3341	3471	3341
3341	3472	3341
3341	3473	3341
3341	3474	3341
3343	3475	3343
3344	3476	3344
3344	3477	3344
3344	3478	3344
3348	3479	3348
3348	3480	3348
3348	3481	3348
3350	3482	3350
3350	3483	3350
3350	3484	3350
3353	3485	3353
3353	3486	3353
3355	3487	3355
3355	3488	3355
3359	3489	3359
3359	3490	3359
3359	3491	3359
3359	3492	3359
3360	3493	3360
3360	3494	3360
3360	3495	3360
3365	3496	3365
3366	3497	3366
3366	3498	3366
3366	3499	3366
3366	3500	3366
3367	3501	3367
3368	3502	3368,3369
3368	3503	3368
3371	3504	3371
3371	3505	3371
3371	3506	3371,3377
3371	3507	3371,3377
3371	3508	3371,3377
3373	3509	3373
3373	3510	3373
3373	3511	3373
3373	3512	3373
3373	3513	3373
3373	3514	3373
3373	3515	3373
3373	3516	3373
3373	3517	3373
3377	3518	3377
3377	3519	3377
3377	3520	3377
3377	3521	3377
3377	3522	3377
3379	3523	3379
3379	3524	3379
3386	3525	3386
3386	3526	3386
3386	3527	3386
3386	3528	3386
3386	3529	3386
3386	3530	3386
3386	3531	3386
3397	3532	3397
3399	3533	3399
3399	3534	3399
3399	3535	3399
3399	3536	3399
3403	3537	3403
3403	3538	3403
3403	3539	3403
3403	3540	3403
3470	3541	3470,3471
3502	3542	3502
3502	3543	3502
3503	3544	3503
3504	3545	3504
3504	3546	3504
3505	3547	3505
3507	3548	3507
3507	3549	3507
3507	3550	3507
3507	3551	3507
3509	3552	3509,3517
3509	3553	3509
3509	3554	3509
3513	3555	3513
3513	3556	3513
3513	3557	3513
3515	3558	3515
3515	3559	3515
3520	3560	3520
3520	3561	3520
3522	3562	3522,3524
3522	3563	3522
3522	3564	3522
3522	3565	3522,3561
3523	3566	3523,3524
3524	3567	3524
3527	3568	3527
3527	3569	3527
3527	3570	3527
3527	3571	3527
3527	3572	3527
3527	3573	3527
3527	3574	3527
3527	3575	3527
3527	3576	3527
3527	3577	3527
3529	3578	3529
3529	3579	3529
3530	3580	3530
3536	3581	3536
3536	3582	3536
3536	3583	3536
3538	3584	3538
3545	3585	3545
3545	3586	3545
3545	3587	3545
3545	3588	3545
3545	3589	3545
3549	3590	3549
3549	3591	3549
3549	3592	3549
3549	3593	3549
3549	3594	3549
3549	3595	3549
3549	3596	3549
3549	3597	3549
3549	3598	3549
3550	3599	3550
3550	3600	3550
3550	3601	3550
3550	3602	3550
3554	3603	3554
3555	3604	3555
3556	3605	3556
3556	3606	3556
3561	3607	3561
3562	3608	3562
3562	3609	3562
3562	3610	3562
3564	3611	3564
3564	3612	3564
3564	3613	3564
3564	3614	3564
3564	3615	3564
3564	3616	3564
3564	3617	3564
3564	3618	3564
3564	3619	3564
3564	3620	3564
3565	3621	3565
3565	3622	3565,3576
3565	3623	3565
3566	3624	3566,3568,3571,3573
3566	3625	3566,3569
3566	3626	3566
3568	3627	3568
3568	3628	3568
3568	3629	3568
3568	3630	3568
3569	3631	3569
3569	3632	3569
3571	3633	3571
3573	3634	3573,3593
3573	3635	3573,3773
3573	3636	3573,3593
3575	3637	3575
3575	3638	3575
3575	3639	3575
3575	3640	3575
3575	3641	3575
3576	3642	3576
3576	3643	3576
3579	3644	3579
3579	3645	3579
3579	3646	3579
3579	3647	3579
3579	3648	3579
3580	3649	3580
3580	3650	3580
3580	3651	3580
3580	3652	3580
3580	3653	3580
3582	3654	3582
3582	3655	3582
3582	3656	3582
3582	3657	3582
3583	3658	3583
3583	3659	3583
3583	3660	3583
3583	3661	3583
3583	3662	3583
3583	3663	3583
3588	3664	3588
3593	3665	3593
3593	3666	3593
3636	3667	3636
3636	3668	3636
3636	3669	3636
3636	3670	3636
3642	3671	3642
3642	3672	3642
3646	3673	3646
3646	3674	3646
3646	3675	3646
3646	3676	3646
3661	3677	3661
3661	3678	3661
3661	3679	3661
3678	3680	3678
3678	3681	3678
3679	3682	3679
3679	3683	3679
3679	3684	3679
3685	3685	3685
3686	3686	3686
3687	3687	3687
3687	3688	3687
3687	3689	3687
3693	3690	3693
3693	3691	3693
3693	3692	3693
3693	3693	3693
3693	3694	3693
3693	3695	3693
3693	3696	3693
3697	3697	3697
3697	3698	3697,3797
3697	3699	3697,3772
3697	3700	3697
3702	3701	3702
3702	3702	3702
3702	3703	3702
3702	3704	3702
3706	3705	3706
3707	3706	3707
3708	3707	3708
3710	3708	3710
3710	3709	3710,3803
3710	3710	3710,3777
3711	3711	3711
3711	3712	3711
3711	3713	3711
3712	3714	3712
3717	3715	3717,3719
3719	3716	3719
3721	3717	3721
3721	3718	3721
3721	3719	3721
3721	3720	3721
3721	3721	3721
3721	3722	3721
3723	3723	3723
3723	3724	3723
3730	3725	3730
3730	3726	3730,3734
3730	3727	3730
3733	3728	3733
3733	3729	3733
3733	3730	3733
3733	3731	3733
3734	3732	3734
3734	3733	3734
3734	3734	3734
3736	3735	3736
3736	3736	3736
3736	3737	3736
3738	3738	3738
3738	3739	3738
3738	3740	3738
3741	3741	3741
3741	3742	3741
3741	3743	3741
3741	3744	3741
3743	3745	3743,3748
3743	3746	3743
3743	3747	3743
3743	3748	3743
3743	3749	3743
3743	3750	3743
3748	3751	3748
3748	3752	3748
3748	3753	3748
3748	3754	3748
3750	3755	3750
3750	3756	3750
3750	3757	3750
3750	3758	3750
3758	3759	3758
3758	3760	3758
3760	3761	3760
3760	3762	3760
3760	3763	3760
3760	3764	3760
3765	3765	3765
3765	3766	3765
3765	3767	3765
3767	3768	3767
3767	3769	3767
3767	3770	3767
3767	3771	3767
3767	3772	3767
3768	3773	3768
3768	3774	3768
3768	3775	3768
3768	3776	3768
3769	3777	3769
3769	3778	3769
3770	3779	3770
3770	3780	3770,3771
3770	3781	3770
3770	3782	3770,3771
3770	3783	3770
3771	3784	3771
3771	3785	3771
3771	3786	3771
3773	3787	3773
3777	3788	3777
3778	3789	3778
3778	3790	3778
3784	3791	3784
3784	3792	3784
3784	3793	3784
3788	3794	3788
3788	3795	3788
3788	3796	3788
3791	3797	3791,3794
3791	3798	3791,3792,3794
3791	3799	3791,3794
3791	3800	3791
3792	3801	3792
3792	3802	3792
3794	3803	3794
3800	3804	3800
3800	3805	3800
3800	3806	3800
3800	3807	3800
3803	3808	3803
3806	3809	3806
3806	3810	3806
3806	3811	3806
3809	3812	3809
3809	3813	3809
3811	3814	3811
3817	3815	3817
3817	3816	3817
3817	3817	3817
3817	3818	3817
3818	3819	3818
3824	3820	3824
3824	3821	3824
3826	3822	3826
3826	3823	3826
3826	3824	3826
3826	3825	3826
3828	3826	3828
3828	3827	3828
3830	3828	3830
3831	3829	3831
3831	3830	3831
3831	3831	3831
3831	3832	3831
